# Created by Octave 6.2.0, Fri Sep 24 22:15:10 2021 CEST <adrianvazquezbarrera@Adrians-MacBook-Pro.local>
# name: w
# type: matrix
# rows: 2001
# columns: 2
 0 0
 8.997e+04 -8.997e+04
 5277 -5277
 1.251e+05 -1.251e+05
 3.145e+04 -3.145e+04
 3.16e+04 -3.16e+04
 7.889e+04 -7.889e+04
 1.065e+04 -1.065e+04
 6.918e+04 -6.918e+04
 -1.792e+04 1.792e+04
 -3.659e+04 3.659e+04
 1.433e+04 -1.433e+04
 -1.739e+04 1.739e+04
 1.282e+04 -1.282e+04
 -4.935e+04 4.935e+04
 -7.379e+04 7.379e+04
 3.85e+04 -3.85e+04
 -5.173e+04 5.173e+04
 5.48e+04 -5.48e+04
 -4.164e+04 4.164e+04
 -2.681e+04 2.681e+04
 -4.558e+04 4.558e+04
 -1446 1446
 -7398 7398
 -9928 9928
 -8.24e+04 8.24e+04
 1.358e+04 -1.358e+04
 1.57e+04 -1.57e+04
 -1.135e+04 1.135e+04
 3.574e+04 -3.574e+04
 -4.322e+04 4.322e+04
 -2.529e+04 2.529e+04
 3.123e+04 -3.123e+04
 -3.776e+04 3.776e+04
 4.6e+04 -4.6e+04
 -1.2e+05 1.2e+05
 -1.428e+05 1.428e+05
 -4.475e+04 4.475e+04
 -4.98e+04 4.98e+04
 -6.446e+04 6.446e+04
 -1.028e+04 1.028e+04
 4.154e+04 -4.154e+04
 -2.581e+04 2.581e+04
 -8.541e+04 8.541e+04
 -2.054e+04 2.054e+04
 2.031e+04 -2.031e+04
 -4.889e+04 4.889e+04
 1.205e+05 -1.205e+05
 -3025 3025
 3.321e+04 -3.321e+04
 2.23e+04 -2.23e+04
 -2.36e+04 2.36e+04
 1.19e+04 -1.19e+04
 -1.303e+05 1.303e+05
 3613 -3613
 9.806e+04 -9.806e+04
 -4.068e+04 4.068e+04
 2.98e+04 -2.98e+04
 -4.045e+04 4.045e+04
 -5.103e+04 5.103e+04
 -1039 1039
 -2.269e+04 2.269e+04
 -2.116e+04 2.116e+04
 7.237e+04 -7.237e+04
 -6504 6504
 -3.73e+04 3.73e+04
 6.244e+04 -6.244e+04
 -7.567e+04 7.567e+04
 8.787e+04 -8.787e+04
 2.947e+04 -2.947e+04
 1.645e+04 -1.645e+04
 -1.263e+05 1.263e+05
 -1810 1810
 4.451e+04 -4.451e+04
 6.714e+04 -6.714e+04
 -1.003e+05 1.003e+05
 -2.308e+05 2.308e+05
 -8.494e+04 8.494e+04
 6.977e+04 -6.977e+04
 -6.165e+04 6.165e+04
 1.755e+04 -1.755e+04
 -1853 1853
 -8.315e+04 8.315e+04
 -5.776e+04 5.776e+04
 2.557e+04 -2.557e+04
 5380 -5380
 -7.379e+04 7.379e+04
 -6.223e+04 6.223e+04
 -9869 9869
 5.762e+04 -5.762e+04
 3763 -3763
 9.461e+04 -9.461e+04
 -1.833e+04 1.833e+04
 -2.169e+04 2.169e+04
 1.381e+05 -1.381e+05
 -1.938e+04 1.938e+04
 -700.6 700.6
 5.156e+04 -5.156e+04
 2.095e+04 -2.095e+04
 -2.991e+04 2.991e+04
 -1.955e+04 1.955e+04
 6.006e+04 -6.006e+04
 -5.838e+04 5.838e+04
 4620 -4620
 -4326 4326
 3.761e+04 -3.761e+04
 6.205e+04 -6.205e+04
 -6830 6830
 5.151e+04 -5.151e+04
 7657 -7657
 6067 -6067
 1.024e+04 -1.024e+04
 -1.443e+04 1.443e+04
 1.571e+04 -1.571e+04
 5.566e+04 -5.566e+04
 -8.533e+04 8.533e+04
 7.72e+04 -7.72e+04
 -2384 2384
 -4.844e+04 4.844e+04
 -8.369e+04 8.369e+04
 -682.3 682.3
 1.183e+05 -1.183e+05
 -2.495e+05 2.495e+05
 2.018e+04 -2.018e+04
 3.592e+04 -3.592e+04
 -1.848e+05 1.848e+05
 -1.96e+04 1.96e+04
 -8.686e+04 8.686e+04
 1.866e+04 -1.866e+04
 4739 -4739
 5.155e+04 -5.155e+04
 -4.366e+04 4.366e+04
 -5.684e+04 5.684e+04
 -5546 5546
 7.733e+04 -7.733e+04
 3.712e+04 -3.712e+04
 -618.9 618.9
 -1.467e+05 1.467e+05
 -2.348e+04 2.348e+04
 3.315e+04 -3.315e+04
 4.99e+04 -4.99e+04
 -2.641e+04 2.641e+04
 1.524e+04 -1.524e+04
 1.716e+04 -1.716e+04
 4.503e+04 -4.503e+04
 -1.954e+04 1.954e+04
 1.51e+05 -1.51e+05
 3.741e+04 -3.741e+04
 -4.054e+04 4.054e+04
 4.491e+04 -4.491e+04
 1.644e+04 -1.644e+04
 -1.082e+05 1.082e+05
 4.096e+04 -4.096e+04
 9.224e+04 -9.224e+04
 1.114e+04 -1.114e+04
 -3.401e+04 3.401e+04
 4744 -4744
 -7652 7652
 -6.485e+04 6.485e+04
 1.644e+04 -1.644e+04
 -965.8 965.8
 1.96e+04 -1.96e+04
 -4.621e+04 4.621e+04
 -3.95e+04 3.95e+04
 -7106 7106
 6.112e+04 -6.112e+04
 9.874e+04 -9.874e+04
 -1.948e+04 1.948e+04
 1.043e+04 -1.043e+04
 -8.535e+04 8.535e+04
 -333.8 333.8
 6243 -6243
 -2.968e+04 2.968e+04
 7.121e+04 -7.121e+04
 3.367e+04 -3.367e+04
 -2.607e+04 2.607e+04
 -4.154e+04 4.154e+04
 5.517e+04 -5.517e+04
 -5.807e+04 5.807e+04
 8499 -8499
 -1.931e+04 1.931e+04
 -7.052e+04 7.052e+04
 -9.512e+04 9.512e+04
 8.671e+04 -8.671e+04
 2.199e+04 -2.199e+04
 -2.12e+04 2.12e+04
 1.056e+05 -1.056e+05
 -6.009e+04 6.009e+04
 3.741e+04 -3.741e+04
 -5.987e+04 5.987e+04
 7412 -7412
 -5295 5295
 -3.767e+04 3.767e+04
 2.498e+04 -2.498e+04
 -5.66e+04 5.66e+04
 -5.337e+04 5.337e+04
 -2.988e+04 2.988e+04
 -2.129e+04 2.129e+04
 3.776e+04 -3.776e+04
 1.679e+05 -1.679e+05
 9046 -9046
 -3.529e+04 3.529e+04
 -7.253e+04 7.253e+04
 3.65e+04 -3.65e+04
 -4.035e+04 4.035e+04
 -1.449e+04 1.449e+04
 -2.001e+04 2.001e+04
 -5.196e+04 5.196e+04
 -7.763e+04 7.763e+04
 1.026e+05 -1.026e+05
 -1.761e+05 1.761e+05
 3.866e+04 -3.866e+04
 -2.799e+04 2.799e+04
 6.744e+04 -6.744e+04
 -966.7 966.7
 1.448e+05 -1.448e+05
 -1045 1045
 -7.287e+04 7.287e+04
 -5.331e+04 5.331e+04
 7.045e+04 -7.045e+04
 -1.84e+04 1.84e+04
 2.615e+04 -2.615e+04
 8.466e+04 -8.466e+04
 2.385e+04 -2.385e+04
 1.197e+04 -1.197e+04
 5.176e+04 -5.176e+04
 -167.8 167.8
 2.248e+04 -2.248e+04
 2.974e+04 -2.974e+04
 -1.137e+05 1.137e+05
 6306 -6306
 7.477e+04 -7.477e+04
 -323.4 323.4
 -7.5e+04 7.5e+04
 7.12e+04 -7.12e+04
 -7344 7344
 4083 -4083
 -1.019e+05 1.019e+05
 9.586e+04 -9.586e+04
 7.126e+04 -7.126e+04
 -5.928e+04 5.928e+04
 -3.29e+04 3.29e+04
 -5.092e+04 5.092e+04
 -8.843e+04 8.843e+04
 -1.059e+05 1.059e+05
 -7.919e+04 7.919e+04
 4.265e+04 -4.265e+04
 2.583e+04 -2.583e+04
 -2.245e+04 2.245e+04
 -1.193e+05 1.193e+05
 7.439e+04 -7.439e+04
 3.923e+04 -3.923e+04
 5.277e+04 -5.277e+04
 5.217e+04 -5.217e+04
 -3.344e+04 3.344e+04
 6.518e+04 -6.518e+04
 1.658e+04 -1.658e+04
 8.771e+04 -8.771e+04
 1.237e+05 -1.237e+05
 -2.15e+04 2.15e+04
 1.52e+05 -1.52e+05
 -6.455e+04 6.455e+04
 -3.098e+04 3.098e+04
 -2.443e+04 2.443e+04
 2.334e+04 -2.334e+04
 6670 -6670
 1.386e+04 -1.386e+04
 5875 -5875
 -2.024e+04 2.024e+04
 9.636e+04 -9.636e+04
 -2.043e+04 2.043e+04
 -9.51e+04 9.51e+04
 -6.52e+04 6.52e+04
 -3.455e+04 3.455e+04
 4.004e+04 -4.004e+04
 6.198e+04 -6.198e+04
 -2.922e+04 2.922e+04
 -1629 1629
 -8.687e+04 8.687e+04
 -3.602e+04 3.602e+04
 -6.605e+04 6.605e+04
 3.181e+04 -3.181e+04
 5.29e+04 -5.29e+04
 -1.892e+04 1.892e+04
 1.477e+05 -1.477e+05
 5.43e+04 -5.43e+04
 1.865e+04 -1.865e+04
 -2.634e+04 2.634e+04
 5.296e+04 -5.296e+04
 -1.088e+05 1.088e+05
 -2.644e+04 2.644e+04
 -2.182e+05 2.182e+05
 1.154e+05 -1.154e+05
 1.579e+04 -1.579e+04
 7.07e+04 -7.07e+04
 4.229e+04 -4.229e+04
 -1.146e+05 1.146e+05
 -5.225e+04 5.225e+04
 4.268e+04 -4.268e+04
 3.412e+04 -3.412e+04
 -5.823e+04 5.823e+04
 -1.418e+04 1.418e+04
 3.563e+04 -3.563e+04
 -9.158e+04 9.158e+04
 9704 -9704
 4750 -4750
 7.905e+04 -7.905e+04
 1.795e+04 -1.795e+04
 2741 -2741
 2.819e+04 -2.819e+04
 1.47e+04 -1.47e+04
 1.341e+05 -1.341e+05
 -6.492e+04 6.492e+04
 -1.144e+05 1.144e+05
 4.348e+04 -4.348e+04
 -1.887e+04 1.887e+04
 -2.238e+04 2.238e+04
 3.034e+04 -3.034e+04
 -5.727e+04 5.727e+04
 -3.539e+04 3.539e+04
 7.387e+04 -7.387e+04
 2.531e+05 -2.531e+05
 6.145e+04 -6.145e+04
 -2.699e+04 2.699e+04
 -3.337e+04 3.337e+04
 4.064e+04 -4.064e+04
 8.278e+04 -8.278e+04
 2.561e+04 -2.561e+04
 -8674 8674
 2.26e+04 -2.26e+04
 -4.401e+04 4.401e+04
 1.3e+04 -1.3e+04
 3794 -3794
 -5.273e+04 5.273e+04
 -5.569e+04 5.569e+04
 -2.927e+04 2.927e+04
 -6721 6721
 1.427e+05 -1.427e+05
 6.042e+04 -6.042e+04
 1.283e+05 -1.283e+05
 -2.023e+04 2.023e+04
 -4.767e+04 4.767e+04
 -2.872e+04 2.872e+04
 4.896e+04 -4.896e+04
 -3.499e+04 3.499e+04
 -2.95e+04 2.95e+04
 9.026e+04 -9.026e+04
 -5686 5686
 8.846e+04 -8.846e+04
 5.058e+04 -5.058e+04
 -3.901e+04 3.901e+04
 -6888 6888
 -9.118e+04 9.118e+04
 -3.646e+04 3.646e+04
 6886 -6886
 3.088e+04 -3.088e+04
 -6.559e+04 6.559e+04
 4235 -4235
 -2382 2382
 7.813e+04 -7.813e+04
 -6.768e+04 6.768e+04
 -6.139e+04 6.139e+04
 -2.303e+04 2.303e+04
 4.475e+04 -4.475e+04
 -6200 6200
 2.296e+04 -2.296e+04
 3.517e+04 -3.517e+04
 5836 -5836
 -3.681e+04 3.681e+04
 -1.482e+05 1.482e+05
 9416 -9416
 4.053e+04 -4.053e+04
 2.92e+04 -2.92e+04
 -1.977e+05 1.977e+05
 -1.493e+05 1.493e+05
 1300 -1300
 -146 146
 9.539e+04 -9.539e+04
 6.548e+04 -6.548e+04
 -1.393e+05 1.393e+05
 -1.768e+04 1.768e+04
 -6.123e+04 6.123e+04
 2.042e+04 -2.042e+04
 -4.739e+04 4.739e+04
 4.7e+04 -4.7e+04
 9.556e+04 -9.556e+04
 2.617e+04 -2.617e+04
 1.51e+05 -1.51e+05
