# Created by Octave 6.2.0, Wed Sep 22 15:57:32 2021 CEST <adrianvazquezbarrera@wifialu57-118.wi-fi.upv.es>
# name: w
# type: matrix
# rows: 197
# columns: 10
 -39 -30 -31 -35 -34 -27 -33 -30 -46 -31
 0 0 0 0 0 0 0 0 0 0
 0 0 0 0 0 0 0 0 0 0
 -1 0 -2 0 -1 2 0 0 -2 0
 -1.38 -1.69 -2.53 -1.84 -1.53 0.69 -0.69 4.15 -3.22 -1.69
 -1.693 -1.77 0.54 -3.46 -1.46 -3 -2 5.153 -3.46 -3
 -3.54 -7.48 -1.153 -3 0.25 -6.71 -5.077 1.773 -1.85 -8.407
 -3.39 -6.46 -4.734 -5.16 -2.84 -6.85 -7.77 -5.117 1.09 -6.369
 -9.593 -10.09 -10.84 -9.464 -8.23 -11.58 -5.857 -10.71 -6.023 0.457
 -9.54 -8.3 -9.92 -4.28 -16.85 -12.01 -8.92 -14.69 -2.869 -5.397
 -12.08 -5.38 -5.91 -7.36 -14.22 -12.53 -7.28 -11.14 -6.29 -8.4
 -7.31 -6.383 -11.83 -8.46 -3.617 -5.87 -7.38 -8.22 -4.81 -11.55
 -6.77 -2.14 -5.24 -3.93 0.07 2.53 -8 -1.84 -6.63 -7.86
 -5.54 0.46 -2 -6.08 0.15 5 -4.46 -2.923 -6.61 -2.227
 0 0 0 0 0 0 0 0 0 0
 0 0 0 -0.62 -0.62 0 0 1.24 0 -1.24
 -0.12 0 -0.58 -0.12 0 0.12 0 2.46 -1 -1.12
 -2.97 -1.639 -1.233 -2.282 -2.97 0.8406 -1.97 3.853 -5.621 -4.364
 -6.086 -6.074 -2.291 -5.193 -5.1 -2 -4.67 1.541 -6.895 -7.46
 -8.89 -12.97 -8.599 -3.934 -6.778 -5.013 -11.85 0.2284 -8.723 -14.72
 -14.64 -19.98 -10.86 -10.37 -14.49 -12.64 -17.23 -3.617 -14.91 -13.19
 -17.59 -25.52 -13.81 -16.32 -22.06 -24.05 -21.65 -12.08 -23.35 -10.55
 -21.51 -27.18 -17.08 -17.77 -32.54 -26.52 -26.39 -16.89 -17.6 -8.854
 -18.41 -25.63 -27.61 -23.64 -32.25 -25.74 -25.66 -16.99 -17.59 -8.14
 -20.87 -24.1 -24.39 -24.62 -28.36 -24.24 -25.69 -17.89 -19.64 -16.24
 -23.51 -19.69 -20.5 -24.88 -14.17 -18.25 -20.8 -10.28 -18.19 -19.31
 -16.11 -13.25 -15.64 -17.73 -7.278 -7.761 -17.46 -9.225 -19.79 -17.88
 -8.039 -2.085 -5.769 -5.083 -2.993 7.071 -8.17 -2.554 -11.7 -7.216
 -1.15 0 -0.76 -3.07 -2.17 3.39 -1 2 -1 -2
 0 0 0 1 0 0 0 0 0 -1
 -1.86 -0.0047 0.6933 -0.86 -1 -0.14 -1 2.445 -3.009 -2.85
 -2.142 -2.767 -0.3356 -1.843 -2.534 -1.973 -4.484 -0.0107 0.5929 -5.68
 -6.613 -7.5 -5.761 -1.222 -7.487 -5.284 -10.65 -1.405 -2.732 -9.984
 -13.6 -16.87 -9.937 -8.429 -11.83 -13.5 -18.81 -8.379 -12.4 -11.8
 -15.2 -21.05 -20.81 -17.68 -20.05 -16.98 -19.05 -15.3 -16.53 -9.1
 -11.98 -16.8 -13.73 -13.08 -18.36 -15.11 -16.16 -8.393 -15.35 -14.52
 -10.11 -9.909 -11.66 -11.28 -19.76 -9.442 -13.94 -6.34 -13.25 -15.42
 -4.493 -9.484 -13.18 -14.55 -18.36 -11.44 -16.02 -7.875 -21.48 -18.07
 -11.68 -14.59 -16.1 -23.9 -15.12 -18.65 -21.36 -15.26 -17.14 -20.19
 -16.57 -16.64 -17.88 -16.2 -13.5 -21.53 -20.04 -10.98 -15.03 -19.68
 -13.55 -13.11 -17.98 -8.244 -12.9 -11.5 -17.88 -8.813 -11.04 -15.87
 -7.245 -5.815 -7.288 -0.252 -6.935 0.852 -9.2 -3.9 -6.097 -7.4
 -3.91 -0.99 -1.14 -0.45 -1.22 1.99 -3.53 -1.22 -0.69 -1.45
 0 0 1 0 0 0 0 0 -1 0
 -0.3 0 0.24 0.06 -0.00023 0.3 -0.00023 0.3325 -1.002 -0.53
 -3.389 -3.499 -2.188 -5.286 -3.349 -1.577 -4.969 0.0465 1.864 -5.273
 -10.03 -13.39 -3.464 -13.3 -11.69 -5.838 -14.49 -3.239 -8.125 -9.094
 -16.91 -17.34 -8.547 -17.8 -9.423 -8.895 -15.82 -10.93 -17.95 -11.51
 -7.462 -14.25 -8.666 -19.89 -10.71 -6.844 -14.35 -7.232 -11.12 -10.48
 -8.156 -12.7 -8.366 -14.85 -10.58 -5.587 -7.131 -6.206 -7.534 -7.912
 -2.328 -7.594 -8.563 -11.84 -13.96 -2.046 -11.01 -7.515 -17.12 -8.334
 -3.245 -8.329 -11.75 -7.602 -14.46 -9.527 -10.83 -8.996 -14.45 -10.71
 -11.56 -12.31 -15.93 -13.36 -12.7 -15.78 -19.67 -10.58 -14.9 -16.92
 -10.94 -19.73 -19.04 -13.61 -18.34 -19.75 -25.36 -14.08 -16.67 -16.45
 -10.1 -14.54 -15.14 -8.103 -10.35 -18.2 -17.81 -11.97 -3.266 -9.438
 -1.408 -6.234 -8.269 4.451 -6.111 -7.15 -7.626 -3.496 -5.885 -6.602
 -2.58 -1.58 -0.58 2.23 -2.58 -0.07 -3.16 -2.58 -2.58 -2.58
 -1 -1 3 0 0 -1 0 0 -1 -1
 -0.77 -1 4.14 -0.021 -1.002 -2.479 -1.461 -0.371 -1.439 -0.09925
 -5.251 -8.281 -7.324 -9.303 -9.716 -1.975 -5.789 -6.611 -1.83 -1.051
 -15.27 -16.94 -15.91 -24.98 -13.35 -3.973 -16.14 -15.35 -13.31 -5.37
 -14.06 -15.46 -6.086 -24.8 -7.28 -6.338 -16.94 -14.77 -14.55 -9.97
 -12.79 -14.52 -4.74 -18.74 -11.89 -3.379 -11.99 -17.49 -7.902 -2.18
 -12.23 -12.94 -9.934 -12.64 -15.04 -4.067 -9.87 -17.5 -6.551 -4.872
 -16.22 -10.18 -9.214 -11.43 -15.32 -7.211 -9.368 -14.74 -10.73 -2.753
 -14.89 -8.58 -16.72 -10.17 -13.17 -18.68 -17.97 -11.85 -20.23 -7.093
 -13.99 -17.83 -18.19 -12.04 -13.78 -26.96 -22.34 -18.21 -13.52 -14.57
 -7.659 -14.64 -14.31 -13.52 -12.24 -18.67 -18.48 -14.41 -8.573 -9.383
 -0.31 -8.77 -8.981 -4.523 -8.711 -12.9 -14.32 -4.758 -4.157 -10.69
 4.501 -3.659 -2.801 2.178 -3.829 -6.269 -2.659 -3.009 -4.386 -2.469
 1.84 -1.14 0.71 -0.7 -1.14 -2 0 -1.15 -0.15 -0.15
 -0.23 -0.23 0.69 0 0 -0.23 0 0 -0.23 -0.23
 1.77 -2.008 0.9825 -0.9883 -1.872 -0.7614 -0.2378 -0.2175 -2.115 -2.683
 -5.337 -9.56 -14.48 -12.33 -4.073 -3.016 -6.96 -7.543 -7.16 -4.373
 -5.548 -15.86 -20.63 -19.47 -7.14 -6.052 -14.77 -21.29 -14.52 -5.466
 -13.82 -15.48 -18.14 -16.53 -7.406 -8.516 -11.31 -20.57 -3.5 -8.918
 -15.83 -10.52 -17.06 -13.73 -6.367 -7.62 -11.62 -19.63 -5.424 -8.623
 -10.28 -9.906 -17.3 -10.95 -10.52 -10.72 -13.52 -16.92 -9.639 -4.858
 -18.83 -11.12 -14.63 -11.75 -17.06 -16.57 -21.52 -20.18 -19.16 -8.111
 -21.08 -15.03 -21.06 -14.68 -13.86 -18.43 -21.36 -14.32 -15.73 -10.84
 -15.81 -14.99 -13.87 -9.589 -10.95 -17.7 -18.02 -14.76 -17.13 -10.17
 -5.998 -10.44 -11.34 -9.921 -9.103 -13.22 -16.34 -8.501 -13.15 -5.603
 1.499 -5.67 -2.717 -6.36 -0.7338 -8.342 -10.01 -5.37 -7.248 -3.369
 4.096 -3 -1.971 -3.142 -2.006 -3.93 -3.006 -3.015 -2.988 -1.006
 2.23 0 0.77 -0.77 0 -2.23 0 -0.77 0 0
 0.77 -1 -1.23 0 -0.77 0 0 0 -0.23 0
 2.15 -1.021 -5.161 -3.027 -1.08 0.219 -0.467 -2.831 -4.767 1.598
 -1.218 -7.96 -14.36 -13.47 -5.078 -0.814 -8.583 -9.043 -14.42 -6.77
 -7.656 -13.81 -18.51 -9.828 -3.09 -6.403 -6.94 -15.15 -11.39 -13
 -8.258 -17.51 -23.85 -15.67 -7.23 -2.073 -13.97 -16.74 -13.54 -13.6
 -15.25 -22.9 -22.94 -15.87 -15.74 -10.82 -16.61 -24.07 -14.09 -13.37
 -23.99 -15.48 -18.18 -15.43 -17.25 -11.09 -23.8 -22.43 -14.22 -14.17
 -28.85 -16.03 -23.63 -11.59 -19.05 -19.67 -24.96 -19.55 -14.05 -19.01
 -21.84 -8.703 -17.36 -9.382 -11.7 -15 -17.36 -17.8 -11.47 -12.16
 -13.95 -13.07 -8.11 -7.215 -9.645 -8.97 -13.88 -11.37 -18.54 -7.307
 -5.374 -7.262 -4.47 -6.804 -1.005 -5.955 -11.4 -3.728 -13.55 -9.171
 0.6518 -4.039 -2.618 -3.478 -0.5719 -8.76 -7.01 -6.009 -7.914 -7.582
 6.027 -2.99 -4.01 -0.8555 -2.619 -5.615 -2.941 -3.26 -3.001 -1.007
 1 0 0 0 0 -1 0 0 0 0
 0 -1 -3 0 0.76 -1 1 0 -1 -0.76
 3.145 -3.27 -8.527 -3.535 -1.781 -8.287 -1.008 -4.94 -6.931 -2.271
 -0.7263 -5.856 -6.16 -7.159 -1.99 -12.53 -6.246 -7.01 -11.16 -7.644
 -5.423 -8.914 -8.903 -6.723 -5.32 -6.371 -7.627 -10.58 -17.37 -9.158
 -12.41 -19.39 -13.39 -13.23 -10.19 -11.02 -10.17 -17.87 -7.62 -16.31
 -18.46 -12.77 -11.52 -13.74 -14.25 -10.56 -18.02 -18.94 -10.82 -15.37
 -21.92 -14.07 -12.96 -12.71 -15.59 -15.6 -20.84 -18.25 -10.41 -17.94
 -17.7 -11.86 -18.44 -9.442 -17.12 -13.88 -17.4 -13.12 -12.45 -14.62
 -18.92 -9.988 -15.97 -12 -11.93 -13.39 -11.42 -17.57 -10.37 -14.34
 -12.66 -12.33 -11.16 -8.463 -7.875 -11.36 -7.445 -12.1 -14.83 -6.859
 -7.673 -8.91 -7.863 -6.645 -5.018 -9.44 -8.654 -8.257 -17.12 -12.84
 2.816 -4.956 -12.06 -4.636 -3.592 -6.98 -2.166 -5.563 -10.2 -10.4
 3.891 -2.978 -6.937 1.395 -2.517 -6.488 0.2059 -2.748 -2.986 -1.359
 1 0 0 0 0 -1 0 0 0 0
 0.31 -1.69 -3.38 1.38 -1.69 -0.923 1 -0.69 -0.767 -0.767
 4.458 -5.023 -3.225 -4.186 -5.145 -11.85 -2.492 -5.666 -7.179 -5.029
 2.937 -5.999 -4.921 -9.746 -2.757 -15.19 -2.816 -7.089 -2.805 -3.123
 -3.262 -9.284 -4.809 -16.92 -5.084 -19.51 -3.247 -9.563 -3.755 -9.973
 -12.87 -9.987 -6.673 -20.31 -5.585 -21.08 -8.793 -13.21 -3.338 -16.35
 -14.16 -7.325 -10.12 -13.59 -7.994 -18.49 -9.728 -12.48 -2.383 -14
 -18.08 -7.942 -9.657 -15.03 -10.62 -19.21 -11.23 -13.85 -6.038 -14.58
 -20.18 -10.76 -8.848 -20.25 -9.867 -16.46 -12.11 -11.87 -15.4 -15.02
 -19.03 -10.66 -9.595 -16.09 -14.45 -19.06 -7.369 -15.29 -13.16 -13.09
 -12.75 -12.84 -9.683 -9.865 -13.12 -14.77 -8.218 -9.953 -9.679 -19.28
 -5.942 -12.47 -15.25 -8.7 -8.845 -11.18 -5.037 -11.5 -13.67 -13.62
