# Created by Octave 6.2.0, Fri Sep 24 22:31:37 2021 CEST <adrianvazquezbarrera@Adrians-MacBook-Pro.local>
# name: w
# type: matrix
# rows: 101
# columns: 20
 -6.185e+09 -6.185e+09 -6.185e+09 -6.185e+09 -6.185e+09 -6.185e+09 -6.185e+09 -6.185e+09 -6.185e+09 -6.185e+09 -6.185e+09 -6.185e+09 -6.185e+09 -6.185e+09 -6.185e+09 -6.185e+09 -6.185e+09 -6.185e+09 -6.185e+09 -6.185e+09
 -7.073e+08 -7.073e+08 -7.073e+08 -7.073e+08 -7.073e+08 -7.073e+08 -7.073e+08 -7.073e+08 -7.073e+08 -7.073e+08 -7.073e+08 -7.073e+08 -7.074e+08 -7.073e+08 -7.073e+08 -7.073e+08 -7.073e+08 -7.073e+08 -7.072e+08 -7.074e+08
 -1.308e+08 -1.309e+08 -1.308e+08 -1.307e+08 -1.308e+08 -1.308e+08 -1.308e+08 -1.308e+08 -1.308e+08 -1.308e+08 -1.307e+08 -1.306e+08 -1.307e+08 -1.308e+08 -1.308e+08 -1.308e+08 -1.307e+08 -1.307e+08 -1.308e+08 -1.308e+08
 -1.638e+08 -1.641e+08 -1.642e+08 -1.639e+08 -1.638e+08 -1.658e+08 -1.638e+08 -1.638e+08 -1.638e+08 -1.638e+08 -1.638e+08 -1.638e+08 -1.638e+08 -1.638e+08 -1.638e+08 -1.638e+08 -1.636e+08 -1.638e+08 -1.638e+08 -1.638e+08
 -1.388e+07 -1.393e+07 -1.389e+07 -1.387e+07 -1.387e+07 -1.387e+07 -1.39e+07 -1.393e+07 -1.384e+07 -1.387e+07 -1.384e+07 -1.387e+07 -1.392e+07 -1.391e+07 -1.389e+07 -1.389e+07 -1.393e+07 -1.36e+07 -1.382e+07 -1.384e+07
 -6.372e+08 -6.372e+08 -6.372e+08 -6.373e+08 -6.372e+08 -6.373e+08 -6.373e+08 -6.373e+08 -6.373e+08 -6.373e+08 -6.372e+08 -6.372e+08 -6.373e+08 -6.373e+08 -6.373e+08 -6.373e+08 -6.373e+08 -6.372e+08 -6.372e+08 -6.373e+08
 -2.612e+08 -2.612e+08 -2.612e+08 -2.612e+08 -2.612e+08 -2.612e+08 -2.612e+08 -2.612e+08 -2.612e+08 -2.612e+08 -2.612e+08 -2.612e+08 -2.612e+08 -2.612e+08 -2.612e+08 -2.612e+08 -2.612e+08 -2.612e+08 -2.613e+08 -2.613e+08
 -7.61e+06 -7.36e+06 -7.42e+06 -7.37e+06 -7.4e+06 -8.11e+06 -7.46e+06 -7.51e+06 -7.51e+06 -7.54e+06 -7.52e+06 -7.51e+06 -7.47e+06 -7.53e+06 -7.49e+06 -7.32e+06 -7.68e+06 -7.06e+06 -7.22e+06 -7.24e+06
 -8.17e+06 -8.29e+06 -8.09e+06 -8.19e+06 -8.95e+06 -8.57e+06 -8.12e+06 -8.15e+06 -8.17e+06 -8.22e+06 -8.18e+06 -7.79e+06 -8.39e+06 -8.3e+06 -7.92e+06 -8.4e+06 -8.16e+06 -8.29e+06 -8.51e+06 -8.36e+06
 -1.724e+08 -1.725e+08 -1.724e+08 -1.725e+08 -1.724e+08 -1.725e+08 -1.724e+08 -1.724e+08 -1.724e+08 -1.724e+08 -1.724e+08 -1.724e+08 -1.724e+08 -1.724e+08 -1.724e+08 -1.724e+08 -1.724e+08 -1.724e+08 -1.724e+08 -1.724e+08
 -3.55e+06 -3.36e+06 -3.36e+06 -3.84e+06 -3.49e+06 -3.38e+06 -3.35e+06 -3.53e+06 -3.51e+06 -3.4e+06 -3.44e+06 -3.17e+06 -4.16e+06 -3.55e+06 -3.58e+06 -3.39e+06 -3.23e+06 -3.51e+06 -3.31e+06 -3.5e+06
 -2.868e+08 -2.868e+08 -2.868e+08 -2.867e+08 -2.868e+08 -2.868e+08 -2.868e+08 -2.868e+08 -2.868e+08 -2.868e+08 -2.868e+08 -2.868e+08 -2.868e+08 -2.868e+08 -2.868e+08 -2.869e+08 -2.867e+08 -2.867e+08 -2.867e+08 -2.867e+08
 -6.735e+07 -6.736e+07 -6.736e+07 -6.737e+07 -6.736e+07 -6.735e+07 -6.738e+07 -6.734e+07 -6.737e+07 -6.73e+07 -6.726e+07 -6.737e+07 -6.729e+07 -6.734e+07 -6.737e+07 -6.737e+07 -6.736e+07 -6.736e+07 -6.735e+07 -6.735e+07
 -5.09e+07 -5.019e+07 -5.126e+07 -5.311e+07 -5.106e+07 -4.95e+07 -5.093e+07 -5.094e+07 -5.096e+07 -5.096e+07 -5.096e+07 -5.105e+07 -5.097e+07 -5.091e+07 -5.097e+07 -5.095e+07 -5.1e+07 -5.092e+07 -5.113e+07 -5.061e+07
 -1.547e+08 -1.545e+08 -1.546e+08 -1.542e+08 -1.544e+08 -1.549e+08 -1.544e+08 -1.547e+08 -1.547e+08 -1.547e+08 -1.547e+08 -1.547e+08 -1.546e+08 -1.547e+08 -1.547e+08 -1.547e+08 -1.547e+08 -1.547e+08 -1.546e+08 -1.547e+08
 -2.894e+08 -2.894e+08 -2.894e+08 -2.894e+08 -2.894e+08 -2.894e+08 -2.894e+08 -2.894e+08 -2.894e+08 -2.894e+08 -2.894e+08 -2.894e+08 -2.894e+08 -2.895e+08 -2.894e+08 -2.896e+08 -2.894e+08 -2.895e+08 -2.894e+08 -2.893e+08
 -3.551e+08 -3.552e+08 -3.552e+08 -3.551e+08 -3.552e+08 -3.552e+08 -3.551e+08 -3.551e+08 -3.552e+08 -3.551e+08 -3.552e+08 -3.551e+08 -3.551e+08 -3.552e+08 -3.552e+08 -3.552e+08 -3.551e+08 -3.551e+08 -3.55e+08 -3.551e+08
 -1.685e+08 -1.685e+08 -1.685e+08 -1.685e+08 -1.685e+08 -1.684e+08 -1.685e+08 -1.685e+08 -1.685e+08 -1.685e+08 -1.685e+08 -1.685e+08 -1.685e+08 -1.685e+08 -1.685e+08 -1.685e+08 -1.683e+08 -1.685e+08 -1.685e+08 -1.684e+08
 -1.812e+08 -1.812e+08 -1.812e+08 -1.812e+08 -1.812e+08 -1.812e+08 -1.812e+08 -1.812e+08 -1.812e+08 -1.812e+08 -1.812e+08 -1.812e+08 -1.812e+08 -1.812e+08 -1.812e+08 -1.812e+08 -1.812e+08 -1.81e+08 -1.813e+08 -1.812e+08
 -7.287e+08 -7.287e+08 -7.287e+08 -7.287e+08 -7.287e+08 -7.287e+08 -7.287e+08 -7.287e+08 -7.287e+08 -7.287e+08 -7.287e+08 -7.287e+08 -7.287e+08 -7.286e+08 -7.287e+08 -7.288e+08 -7.287e+08 -7.287e+08 -7.287e+08 -7.286e+08
 -4.741e+08 -4.743e+08 -4.743e+08 -4.743e+08 -4.743e+08 -4.743e+08 -4.743e+08 -4.743e+08 -4.743e+08 -4.743e+08 -4.743e+08 -4.743e+08 -4.743e+08 -4.744e+08 -4.743e+08 -4.742e+08 -4.743e+08 -4.743e+08 -4.743e+08 -4.741e+08
 -3.936e+08 -3.936e+08 -3.936e+08 -3.936e+08 -3.936e+08 -3.936e+08 -3.936e+08 -3.936e+08 -3.936e+08 -3.936e+08 -3.936e+08 -3.936e+08 -3.936e+08 -3.935e+08 -3.936e+08 -3.935e+08 -3.936e+08 -3.936e+08 -3.936e+08 -3.935e+08
 -2.958e+08 -2.959e+08 -2.959e+08 -2.959e+08 -2.957e+08 -2.959e+08 -2.958e+08 -2.959e+08 -2.958e+08 -2.958e+08 -2.958e+08 -2.958e+08 -2.958e+08 -2.957e+08 -2.959e+08 -2.959e+08 -2.958e+08 -2.958e+08 -2.959e+08 -2.957e+08
 -3.03e+08 -3.03e+08 -3.03e+08 -3.03e+08 -3.03e+08 -3.03e+08 -3.03e+08 -3.03e+08 -3.03e+08 -3.03e+08 -3.03e+08 -3.031e+08 -3.03e+08 -3.03e+08 -3.029e+08 -3.031e+08 -3.03e+08 -3.03e+08 -3.03e+08 -3.031e+08
 -8.273e+08 -8.272e+08 -8.273e+08 -8.273e+08 -8.273e+08 -8.273e+08 -8.273e+08 -8.273e+08 -8.272e+08 -8.273e+08 -8.273e+08 -8.273e+08 -8.272e+08 -8.273e+08 -8.273e+08 -8.273e+08 -8.273e+08 -8.273e+08 -8.273e+08 -8.273e+08
 -6.726e+07 -6.727e+07 -6.727e+07 -6.721e+07 -6.729e+07 -6.726e+07 -6.726e+07 -6.724e+07 -6.727e+07 -6.715e+07 -6.723e+07 -6.726e+07 -6.728e+07 -6.727e+07 -6.728e+07 -6.725e+07 -6.729e+07 -6.727e+07 -6.722e+07 -6.723e+07
 -2.991e+07 -2.994e+07 -2.995e+07 -2.995e+07 -2.992e+07 -2.998e+07 -2.994e+07 -2.993e+07 -2.994e+07 -2.977e+07 -2.98e+07 -2.993e+07 -2.989e+07 -2.992e+07 -2.988e+07 -2.993e+07 -2.991e+07 -2.991e+07 -2.995e+07 -2.993e+07
 -9.367e+08 -9.367e+08 -9.366e+08 -9.367e+08 -9.367e+08 -9.367e+08 -9.367e+08 -9.367e+08 -9.367e+08 -9.367e+08 -9.367e+08 -9.367e+08 -9.366e+08 -9.366e+08 -9.367e+08 -9.366e+08 -9.367e+08 -9.367e+08 -9.366e+08 -9.366e+08
 -2.815e+08 -2.816e+08 -2.816e+08 -2.815e+08 -2.815e+08 -2.815e+08 -2.816e+08 -2.816e+08 -2.816e+08 -2.816e+08 -2.815e+08 -2.816e+08 -2.816e+08 -2.816e+08 -2.816e+08 -2.816e+08 -2.817e+08 -2.816e+08 -2.816e+08 -2.816e+08
 -6.561e+08 -6.561e+08 -6.562e+08 -6.56e+08 -6.563e+08 -6.563e+08 -6.562e+08 -6.561e+08 -6.562e+08 -6.562e+08 -6.562e+08 -6.562e+08 -6.561e+08 -6.561e+08 -6.562e+08 -6.562e+08 -6.562e+08 -6.562e+08 -6.562e+08 -6.561e+08
 -7.567e+08 -7.567e+08 -7.567e+08 -7.567e+08 -7.567e+08 -7.567e+08 -7.567e+08 -7.567e+08 -7.567e+08 -7.566e+08 -7.567e+08 -7.567e+08 -7.568e+08 -7.566e+08 -7.567e+08 -7.567e+08 -7.567e+08 -7.567e+08 -7.567e+08 -7.567e+08
 -1.328e+08 -1.328e+08 -1.328e+08 -1.328e+08 -1.328e+08 -1.328e+08 -1.328e+08 -1.328e+08 -1.328e+08 -1.328e+08 -1.328e+08 -1.328e+08 -1.328e+08 -1.328e+08 -1.328e+08 -1.328e+08 -1.326e+08 -1.327e+08 -1.327e+08 -1.327e+08
 -9.698e+07 -9.699e+07 -9.705e+07 -9.697e+07 -9.695e+07 -9.699e+07 -9.696e+07 -9.7e+07 -9.697e+07 -9.69e+07 -9.696e+07 -9.697e+07 -9.7e+07 -9.7e+07 -9.697e+07 -9.699e+07 -9.702e+07 -9.697e+07 -9.7e+07 -9.698e+07
 -1.322e+08 -1.318e+08 -1.318e+08 -1.318e+08 -1.317e+08 -1.318e+08 -1.318e+08 -1.317e+08 -1.318e+08 -1.317e+08 -1.317e+08 -1.318e+08 -1.318e+08 -1.317e+08 -1.317e+08 -1.313e+08 -1.316e+08 -1.318e+08 -1.317e+08 -1.314e+08
 -3.565e+08 -3.565e+08 -3.566e+08 -3.565e+08 -3.565e+08 -3.565e+08 -3.565e+08 -3.565e+08 -3.565e+08 -3.565e+08 -3.565e+08 -3.565e+08 -3.565e+08 -3.565e+08 -3.565e+08 -3.565e+08 -3.565e+08 -3.565e+08 -3.565e+08 -3.564e+08
