# Created by Octave 6.2.0, Fri Sep 24 22:34:27 2021 CEST <adrianvazquezbarrera@Adrians-MacBook-Pro.local>
# name: w
# type: matrix
# rows: 1281
# columns: 2
 -19 19
 -2592 2592
 -5207 5207
 794 -794
 -3421 3421
 4654 -4654
 94.87 -94.87
 1.437e+04 -1.437e+04
 1.089e+04 -1.089e+04
 7538 -7538
 7913 -7913
 -7321 7321
 -3280 3280
 -3990 3990
 2484 -2484
 3384 -3384
 6122 -6122
 2918 -2918
 -649.2 649.2
 4700 -4700
 99.47 -99.47
 -2787 2787
 -2798 2798
 -5498 5498
 5075 -5075
 -1336 1336
 -986.1 986.1
 -2972 2972
 732.6 -732.6
 3097 -3097
 -2633 2633
 -2803 2803
 1.248e+04 -1.248e+04
 -2118 2118
 -7261 7261
 2276 -2276
 -1014 1014
 -1390 1390
 -9245 9245
 1.057e+04 -1.057e+04
 -394.3 394.3
 -5060 5060
 -1213 1213
 1265 -1265
 -6843 6843
 -4038 4038
 233.1 -233.1
 -1317 1317
 1668 -1668
 -4776 4776
 -3198 3198
 1378 -1378
 -2125 2125
 2865 -2865
 1.006e+04 -1.006e+04
 2710 -2710
 -5787 5787
 4693 -4693
 1392 -1392
 -3066 3066
 -3754 3754
 146.1 -146.1
 2287 -2287
 -7432 7432
 -7260 7260
 -1750 1750
 -475.9 475.9
 659.3 -659.3
 1052 -1052
 1.166e+04 -1.166e+04
 4486 -4486
 143.6 -143.6
 2018 -2018
 -2995 2995
 3123 -3123
 -2143 2143
 8115 -8115
 7118 -7118
 4662 -4662
 3579 -3579
 -156.1 156.1
 1852 -1852
 613.8 -613.8
 1288 -1288
 382.6 -382.6
 3211 -3211
 842.2 -842.2
 1353 -1353
 -7957 7957
 124.4 -124.4
 -5716 5716
 -827.1 827.1
 143.3 -143.3
 -58.64 58.64
 -2001 2001
 5197 -5197
 -1639 1639
 -137.7 137.7
 -1113 1113
 212.2 -212.2
 -389.5 389.5
 1758 -1758
 -741.3 741.3
 -3455 3455
 -6750 6750
 7297 -7297
 2616 -2616
 -2357 2357
 585.5 -585.5
 276.1 -276.1
 -6088 6088
 -4250 4250
 2071 -2071
 1266 -1266
 -7257 7257
 -3649 3649
 3635 -3635
 -922 922
 -2390 2390
 -3286 3286
 2203 -2203
 2989 -2989
 489.7 -489.7
 4963 -4963
 2612 -2612
 -1710 1710
 2846 -2846
 3076 -3076
 929.9 -929.9
 1181 -1181
 2901 -2901
 4002 -4002
 682.9 -682.9
 -3883 3883
 1436 -1436
 379.4 -379.4
 -1775 1775
 -463.9 463.9
 -1104 1104
 1149 -1149
 2249 -2249
 1140 -1140
 -438.2 438.2
 -3198 3198
 -7652 7652
 -5255 5255
 3375 -3375
 3413 -3413
 4971 -4971
 1749 -1749
 1.135e+04 -1.135e+04
 -40.58 40.58
 4647 -4647
 6206 -6206
 5768 -5768
 1388 -1388
 -3294 3294
 -130.1 130.1
 -1062 1062
 -5198 5198
 -379.2 379.2
 2775 -2775
 -1.659e+04 1.659e+04
 -2399 2399
 -2217 2217
 -3613 3613
 -3056 3056
 -3718 3718
 -984.3 984.3
 -1968 1968
 -756.7 756.7
 115.2 -115.2
 1.033e+04 -1.033e+04
 1070 -1070
 -1319 1319
 1420 -1420
 1784 -1784
 1316 -1316
 3.719 -3.719
 3239 -3239
 3574 -3574
 -4473 4473
 -2892 2892
 -2371 2371
 1282 -1282
 2669 -2669
 2181 -2181
 -6813 6813
 -6547 6547
 -3226 3226
 3599 -3599
 -2166 2166
 -460.2 460.2
 639.4 -639.4
 427.5 -427.5
 2101 -2101
 -3202 3202
 4922 -4922
 7911 -7911
 -3430 3430
 -4032 4032
 -4099 4099
 3744 -3744
 1511 -1511
 -1073 1073
 -2193 2193
 -790.9 790.9
 -1759 1759
 -3893 3893
 3598 -3598
 -7932 7932
 -622.1 622.1
 -4923 4923
 -2701 2701
 3279 -3279
 -7405 7405
 -378.6 378.6
 -5855 5855
 1763 -1763
 -4044 4044
 -9745 9745
 3080 -3080
 943.7 -943.7
 3190 -3190
 -1973 1973
 -15.96 15.96
 1680 -1680
 3991 -3991
 5191 -5191
 846 -846
 -2743 2743
 1.218e+04 -1.218e+04
 -4859 4859
 -2192 2192
 -2085 2085
 -3761 3761
 2971 -2971
 397.7 -397.7
 -3902 3902
 -4065 4065
 -439 439
 2847 -2847
 -1008 1008
 2158 -2158
 -6687 6687
 -5545 5545
 215.3 -215.3
 -475.8 475.8
 -1922 1922
 -812.6 812.6
 1684 -1684
 -1778 1778
 1328 -1328
 -6211 6211
 158 -158
 -3247 3247
 -2324 2324
 -7284 7284
 4191 -4191
 1785 -1785
 3504 -3504
 2916 -2916
 808.5 -808.5
 37.72 -37.72
 -897 897
 1167 -1167
 -7038 7038
 -5415 5415
 -3830 3830
 3653 -3653
 4056 -4056
 -2961 2961
 -8764 8764
 -165.8 165.8
 8512 -8512
 360.6 -360.6
 -5492 5492
 -5684 5684
 -4981 4981
 -1413 1413
 -1807 1807
 5143 -5143
 -3334 3334
 -1201 1201
 -498.8 498.8
 -7406 7406
 2450 -2450
 4275 -4275
 543.1 -543.1
 -4852 4852
 -6481 6481
 5063 -5063
 662.6 -662.6
 1847 -1847
 -662.1 662.1
 -1866 1866
 6464 -6464
 3464 -3464
 -6518 6518
 -6437 6437
 4340 -4340
 1965 -1965
 -391.4 391.4
 -2024 2024
 -5787 5787
 -44.58 44.58
 -4071 4071
 6900 -6900
 6216 -6216
 1184 -1184
 1907 -1907
 184.2 -184.2
 -4023 4023
 -3909 3909
 -1124 1124
 -1.387e+04 1.387e+04
 2205 -2205
 6256 -6256
 3418 -3418
 -221.4 221.4
 622.3 -622.3
 -3053 3053
 -108.7 108.7
 3633 -3633
 -442.7 442.7
 -3435 3435
 3403 -3403
 -54.79 54.79
 -7618 7618
 -5560 5560
 -997.9 997.9
 363.7 -363.7
 -1608 1608
 -400.1 400.1
 8056 -8056
 -6230 6230
 802.5 -802.5
 4793 -4793
 -7261 7261
 19.79 -19.79
 1852 -1852
 -4117 4117
 12.86 -12.86
 5342 -5342
 2383 -2383
 262.4 -262.4
 -2956 2956
 2989 -2989
 8414 -8414
 820.7 -820.7
 6.079 -6.079
 2499 -2499
 -521.2 521.2
 -540.1 540.1
 -4488 4488
 -958.8 958.8
 -3994 3994
 -1266 1266
 1806 -1806
 -7619 7619
 703 -703
 -1756 1756
 -5957 5957
 -1838 1838
 1699 -1699
 -227.9 227.9
 4171 -4171
 -2317 2317
 -2271 2271
 -2521 2521
 9607 -9607
 -1197 1197
 1380 -1380
 -977.1 977.1
 -634.1 634.1
 4207 -4207
 4944 -4944
 1711 -1711
 -7354 7354
 -5635 5635
 3356 -3356
 -77.98 77.98
 2485 -2485
 -3568 3568
 741.3 -741.3
 -1948 1948
 -931.1 931.1
 -9254 9254
 1869 -1869
 -2682 2682
 3382 -3382
 -5080 5080
 1763 -1763
 7951 -7951
 -2347 2347
 5311 -5311
 -4350 4350
 2857 -2857
 3181 -3181
 -2044 2044
 3432 -3432
 -8613 8613
 -6144 6144
 -8824 8824
 1145 -1145
 -4996 4996
 -187 187
 -6505 6505
 5284 -5284
 -1513 1513
 -926.8 926.8
 -2131 2131
 -1365 1365
 776.5 -776.5
 -1451 1451
 -2826 2826
 7433 -7433
 -4235 4235
 -3970 3970
 2445 -2445
 -1210 1210
 4969 -4969
 -2481 2481
 -6296 6296
 -1472 1472
 6091 -6091
 -862.5 862.5
 -2322 2322
 -3846 3846
 -6830 6830
 689 -689
 4626 -4626
 -4882 4882
 -238.9 238.9
 1093 -1093
 -20.28 20.28
 6874 -6874
 -3447 3447
 2116 -2116
 -252.7 252.7
 -3773 3773
 -2685 2685
 -8096 8096
 3830 -3830
 -2514 2514
 -2602 2602
 -36.45 36.45
 -1493 1493
 4753 -4753
 1750 -1750
 -1801 1801
 3312 -3312
 -1245 1245
 108.5 -108.5
 4373 -4373
 -5324 5324
 395 -395
 -1327 1327
 -3003 3003
 -3116 3116
 -2338 2338
 7263 -7263
 3422 -3422
 -1929 1929
 -4308 4308
 -5242 5242
 -775.2 775.2
 -1177 1177
 -1264 1264
 513.1 -513.1
 4867 -4867
 5794 -5794
 1364 -1364
 183.7 -183.7
 3291 -3291
 1601 -1601
 -1.11e+04 1.11e+04
 -1889 1889
 7486 -7486
 -547.9 547.9
 2249 -2249
 -4479 4479
 -3411 3411
 -4086 4086
 -2184 2184
 -885.9 885.9
 -715.1 715.1
 -3795 3795
 809.3 -809.3
 5675 -5675
 -571 571
 698.1 -698.1
 -1590 1590
 -1667 1667
 2648 -2648
 -8892 8892
 -1006 1006
 6685 -6685
 -3138 3138
 -1493 1493
 -2112 2112
 3107 -3107
 2089 -2089
 1726 -1726
 -1350 1350
 1162 -1162
 1553 -1553
 -8914 8914
 5270 -5270
 1778 -1778
 -5423 5423
 -1904 1904
 -3076 3076
 3556 -3556
 1718 -1718
 -1890 1890
 2163 -2163
 4774 -4774
 -1423 1423
 4475 -4475
 -2908 2908
 116 -116
 -4752 4752
 837.8 -837.8
 -5434 5434
 3458 -3458
 -3396 3396
 -3959 3959
 -1605 1605
 3207 -3207
 -1649 1649
 -2525 2525
 -2027 2027
 -4787 4787
 5923 -5923
 360.2 -360.2
 -1490 1490
 -2003 2003
 3465 -3465
 -75.32 75.32
 3407 -3407
 6181 -6181
 3657 -3657
 7868 -7868
 844.3 -844.3
 680 -680
 -3540 3540
 1845 -1845
 -4201 4201
 760.6 -760.6
 -943.7 943.7
 7491 -7491
 4792 -4792
 -4451 4451
 6858 -6858
 1.363e+04 -1.363e+04
 7959 -7959
 7017 -7017
 5009 -5009
 -3137 3137
 819.4 -819.4
 -3001 3001
 7876 -7876
 -962.3 962.3
 -2433 2433
 1818 -1818
 182.3 -182.3
 -3380 3380
 210.9 -210.9
 -1572 1572
 1061 -1061
 1839 -1839
 1859 -1859
 4809 -4809
 -2777 2777
 -3503 3503
 -7888 7888
 -1762 1762
 -3965 3965
 -7089 7089
 -3660 3660
 -3823 3823
 585.5 -585.5
 -7458 7458
 -3948 3948
 -4597 4597
 -4939 4939
 -4807 4807
 2172 -2172
 111.6 -111.6
 -5922 5922
 776.3 -776.3
 781 -781
 5367 -5367
 5792 -5792
 8149 -8149
 -7667 7667
 -1891 1891
 4884 -4884
 -1100 1100
 -2532 2532
 3646 -3646
 990 -990
 -467 467
 -196 196
 -1872 1872
 2112 -2112
 -6410 6410
 497.4 -497.4
 3748 -3748
 3573 -3573
 -2447 2447
 777.7 -777.7
 1.007e+04 -1.007e+04
 -3381 3381
 -137.3 137.3
 5681 -5681
 5811 -5811
 -2893 2893
 -5115 5115
 5976 -5976
 -2469 2469
 5508 -5508
 -2537 2537
 3934 -3934
